 PDBe Fold v2.59. (src3) 14 Apr 2014 result file.

                   RESULT SUMMARY

   ##      Q-score      P-score     Z-score   RMSD    Nalgn Nsse Ngaps Seq-%     Nmd Nres-Q Nsse-Q Nres-T Nsse-T Query Target
    1      0.5487       1.832       5.852     0.000   120    3    6           1    0    162      5    162      6    model.pdb:A  SCOP d1t8ba_
    2      0.2648       0.388       4.066     1.313    91    3    4     0.03297    0    162      5    162      6    model.pdb:A  SCOP d1xwma_
    3      0.1546   2.579e-05       2.426     2.120    78    3    7     0.07692    0    162      5    162      6    model.pdb:A  SCOP d1t72a_
    4      0.2378       1.649       4.197     0.000    79    3    4           1    0    162      5    162      4    model.pdb:A  SCOP d1hsna_
    5      0.2368   1.591e-05        2.35     2.342   100    3    7        0.96    0    162      5    162      5    model.pdb:A  SCOP d1bz4a_
    6      0.2363   6.608e-05       2.457     2.285    99    3    7      0.9596    0    162      5    162      5    model.pdb:A  SCOP d1b68a_
    7      0.2363    6.54e-05       2.457     2.285    99    3    7      0.9596    0    162      5    162      5    model.pdb:A  SCOP d1h7ia_
    8      0.1749   0.0002043       2.428     2.416    87    3    6       0.954    0    162      5    162      5    model.pdb:A  SCOP d1or2a_
    9      0.1391   5.665e-10       1.836     1.754    70    3    2      0.1857    0    162      5    162      5    model.pdb:A  SCOP d1gs9a_
   10     0.08688          -0      0.5716     4.569    87    3    5     0.06897    0    162      5    162      5    model.pdb:A  SCOP d1le2a_
   11     0.07693          -0         0.6     4.659    83    3    4     0.06024    0    162      5    162      5    model.pdb:A  SCOP d1lpea_
   12     0.06771          -0       0.413     4.755    79    3    4     0.06329    0    162      5    162      5    model.pdb:A  SCOP d1nfna_
   13     0.04369          -0      0.6484     2.626    45    3    2         0.2    0    162      5    162      5    model.pdb:A  SCOP d1or3a_
   14      0.2334   1.356e-10      0.4463     1.366    86    3    7     0.04651    0    162      5    162      6    model.pdb:A  SCOP d1o5ha_
   15       0.156     0.06921       1.815     2.252    80    3    4      0.1125    0    162      5    162      4    model.pdb:A  SCOP d1owaa_
   16     0.09836    0.005996       1.135     2.098    62    3    3     0.08065    0    162      5    162      5    model.pdb:A  SCOP d1iesa_
   17     0.09216   9.805e-05      0.7098     3.291    73    3    3      0.1233    0    162      5    162      5    model.pdb:A  SCOP d1vlga_
   18     0.07079    1.46e-06      0.4679     1.764    50    3    3        0.14    0    162      5    162      4    model.pdb:A  SCOP d1data_
   19     0.06614   5.598e-06      0.5392     1.717    48    3    3      0.1458    0    162      5    162      5    model.pdb:A  SCOP d1rcia_
   20     0.06614   5.598e-06      0.5392     1.717    48    3    3      0.1458    0    162      5    162      5    model.pdb:A  SCOP d1rcga_
   21     0.05525   4.038e-06       0.523     3.550    59    3    6      0.1525    0    162      5    162      5    model.pdb:A  SCOP d1rcda_
   22     0.05525   4.038e-06       0.523     3.550    59    3    6      0.1525    0    162      5    162      5    model.pdb:A  SCOP d1rcca_
   23     0.05042   0.0002284      0.7729     2.455    47    3    2     0.04255    0    162      5    162      5    model.pdb:A  SCOP d1rcea_
   24     0.04133   9.643e-17      0.1042     1.903    39    3    3     0.02564    0    162      5    162      5    model.pdb:A  SCOP d1lb3a_
   25     0.03959   8.245e-11      0.2164     2.204    40    3    2           0    0    162      5    162      5    model.pdb:A  SCOP d1iera_
   26     0.03383   2.631e-07      0.4152     2.533    39    3    2      0.1282    0    162      5    162      5    model.pdb:A  SCOP d1bcfa_
   27     0.02575          -0     0.04693     2.875    36    3    2      0.1111    0    162      5    162      5    model.pdb:A  SCOP d1h96a_
   28     0.02317          -0     0.04693     4.724    46    3    6     0.04348    0    162      5    162      5    model.pdb:A  SCOP d1gwga_
   29      0.0226          -0     0.03152     3.266    36    3    3      0.1389    0    162      5    162      5    model.pdb:A  SCOP d1o9ra_
   30     0.01809   2.275e-10      0.2329     3.169    31    3    2     0.06452    0    162      5    155      5    model.pdb:A  SCOP d1z6oa1
   31     0.01586          -0     0.01241     6.874    51    3    3     0.09804    0    162      5    162      5    model.pdb:A  SCOP d1aewa_
   32     0.01563          -0     0.01639     6.118    46    3    3      0.1087    0    162      5    162      5    model.pdb:A  SCOP d1fhaa_
   33     0.01563          -0     0.01639     6.118    46    3    3      0.1087    0    162      5    162      5    model.pdb:A  SCOP d2fhaa_
   34     0.01455          -0     0.01867     6.899    49    3    2       0.102    0    162      5    162      5    model.pdb:A  SCOP d1r03a_
   35     0.01367   2.763e-14      0.1191     3.047    27    3    2     0.07407    0    162      5    162      5    model.pdb:A  SCOP d1bfra_
   36     0.01367   1.943e-14      0.1191     3.047    27    3    2     0.07407    0    162      5    162      5    model.pdb:A  SCOP d1jgca_
   37     0.01357          -0     0.02674     4.108    32    3    3      0.0625    0    162      5    162      5    model.pdb:A  SCOP d1veia_
   38     0.01255          -0     0.02115     4.154    31    3    3     0.06452    0    162      5    162      5    model.pdb:A  SCOP d1veqa_
   39     0.01203          -0    0.009138     5.091    35    3    2     0.02857    0    162      5    162      5    model.pdb:A  SCOP d1krqa_
   40    0.008972          -0     0.01533     3.350    23    3    2      0.1304    0    162      5    162      5    model.pdb:A  SCOP d2g4ha1
   41    0.007287          -0   0.0001926     5.775    30    3    3         0.1    0    162      5    162      5    model.pdb:A  SCOP d1vela_
   42    0.006164          -0     0.00593     7.437    34    3    2      0.1176    0    162      5    162      5    model.pdb:A  SCOP d1mfra_
   43    0.005131          -0   0.0001011     4.832    22    3    2           0    0    162      5    162      5    model.pdb:A  SCOP d1nfva_
   44    0.005131          -0   0.0001011     4.832    22    3    2           0    0    162      5    162      5    model.pdb:A  SCOP d1nf6a_
   45    0.004962          -0   9.537e-06     5.941    25    3    4        0.12    0    162      5    158      5    model.pdb:A  SCOP d2fzfa1
   46    0.004531          -0   4.768e-05     3.588    17    3    2      0.1176    0    162      5    162      5    model.pdb:A  SCOP d1nf4a_
   47     0.06913   2.964e-11      0.7367     4.262    74    3    5     0.05405    0    162      5    162      5    model.pdb:A  SCOP d1buya_
   48     0.01727   6.179e-12      0.3513     5.101    42    3    5     0.07143    0    162      5    162      5    model.pdb:A  SCOP d1bcna_
   49     0.01727   6.242e-12      0.3513     5.101    42    3    5     0.07143    0    162      5    162      5    model.pdb:A  SCOP d1bbna_
   50      0.0615   7.951e-14      0.5888     4.709    70    3    6     0.07143    0    162      5    142      6    model.pdb:A  SCOP d2h24a1
   51     0.05827    0.002887       1.234     3.807    62    3    2     0.06452    0    162      5    156      4    model.pdb:A  SCOP d2ap3a1
   52     0.05638   9.533e-07       0.445     4.668    50    3    3        0.08    0    162      5     80      6    model.pdb:A  SCOP d1fw1a1
   53      0.0497   4.176e-08      0.4006     3.555    56    3    2      0.1429    0    162      5    162      6    model.pdb:A  SCOP d1dowa_
   54    0.004057          -0     0.01018     4.172     9    3    1           0    0    162      5     42      4    model.pdb:A  SCOP d1t01a2
   55     0.04696          -0       1.379     3.729    44    3    2     0.04545    0    162      5    100      6    model.pdb:A  SCOP d1qpia2
   56     0.04098          -0      0.6398     4.350    44    4    3     0.09091    0    162      5     94      6    model.pdb:A  SCOP d2g7ga2
   57     0.03915   3.075e-12      0.3651     3.849    35    3    2     0.08571    0    162      5     73      5    model.pdb:A  SCOP d1u9na2
   58     0.03884   7.932e-12      0.3862     3.873    35    3    2     0.08571    0    162      5     73      5    model.pdb:A  SCOP d1t56a2
   59     0.02733   0.0005631       0.828     3.000    29    3    3     0.03448    0    162      5     95      5    model.pdb:A  SCOP d1rpwa2
   60     0.02577    0.005631       1.086     3.175    29    3    3     0.03448    0    162      5     95      5    model.pdb:A  SCOP d1jt0a2
   61     0.02565          -0     0.08804     4.367    32    3    6     0.09375    0    162      5     79      5    model.pdb:A  SCOP d1t33a2
   62     0.02533          -0      0.1191     4.871    33    3    2      0.1212    0    162      5     73      5    model.pdb:A  SCOP d1u9oa2
   63     0.02456   8.679e-16      0.2386     3.656    30    3    3     0.06667    0    162      5     91      6    model.pdb:A  SCOP d2g7sa2
   64     0.02378          -0      0.1903     4.100    31    3    2     0.06452    0    162      5     87      6    model.pdb:A  SCOP d2gfna2
   65     0.02351   7.102e-07        0.43     4.136    31    3    1     0.09677    0    162      5     87      5    model.pdb:A  SCOP d2id3a2
   66      0.0204          -0     0.05617     3.384    26    3    4           0    0    162      5     90      6    model.pdb:A  SCOP d1sgma2
   67     0.01764          -0      0.1708     4.564    30    3    2         0.1    0    162      5     95      5    model.pdb:A  SCOP d1jupa2
   68     0.01762   8.058e-06      0.5392     4.297    28    3    1     0.03571    0    162      5     90      5    model.pdb:A  SCOP d2fq4a2
   69     0.01718          -0      0.1713     4.500    29    3    2      0.1379    0    162      5     93      5    model.pdb:A  SCOP d2d6ya2
   70     0.01714    2.84e-14       1.782     3.110    24    3    3           0    0    162      5    100      6    model.pdb:A  SCOP d2fj1a2
   71      0.0153          -0      0.0427     5.931    34    3    3     0.02941    0    162      5     95      5    model.pdb:A  SCOP d1jtya2
   72     0.01506          -0      0.6056     4.230    27    4    4     0.03704    0    162      5    100      6    model.pdb:A  SCOP d1du7a2
   73     0.01506          -0       0.523     4.230    27    4    4     0.03704    0    162      5    100      6    model.pdb:A  SCOP d1bj0a2
   74     0.01506          -0       0.523     4.230    27    4    4     0.03704    0    162      5    100      6    model.pdb:A  SCOP d1bjza2
   75     0.01506   2.893e-16      0.6921     4.230    27    4    4     0.03704    0    162      5    100      6    model.pdb:A  SCOP d1orka2
   76     0.01506    1.09e-14      0.7367     4.230    27    4    4     0.03704    0    162      5    100      6    model.pdb:A  SCOP d2tcta2
   77     0.01481          -0     0.02526     6.712    37    3    3     0.08108    0    162      5     95      5    model.pdb:A  SCOP d1jusa2
   78     0.01412          -0       0.131     3.888    24    3    3     0.08333    0    162      5     94      5    model.pdb:A  SCOP d2g3ba2
   79      0.0135          -0     0.02987     6.865    36    3    2      0.1111    0    162      5     95      5    model.pdb:A  SCOP d1qvua2
   80     0.01295          -0     0.02674     6.805    35    3    2      0.1143    0    162      5     95      5    model.pdb:A  SCOP d1rkwa2
   81     0.01295          -0     0.02674     6.805    35    3    2      0.1143    0    162      5     95      5    model.pdb:A  SCOP d1jt6a2
   82     0.01295          -0     0.02674     6.805    35    3    2      0.1143    0    162      5     95      5    model.pdb:A  SCOP d1jtxa2
   83     0.01294   1.069e-11       1.774     3.153    21    3    2           0    0    162      5    100      6    model.pdb:A  SCOP d2trta2
   84     0.01266          -0     0.03873     6.663    34    3    2      0.1176    0    162      5     95      5    model.pdb:A  SCOP d1qvta2
   85     0.01217          -0      0.5311     3.335    21    4    3      0.1429    0    162      5    100      6    model.pdb:A  SCOP d1a6ia2
   86     0.01152          -0      0.0427     5.549    28    3    2           0    0    162      5     95      5    model.pdb:A  SCOP d1juma2
   87     0.01122          -0     0.04478     4.199    22    3    3     0.04545    0    162      5     90      5    model.pdb:A  SCOP d2np5a2
   88     0.04266          -0     0.04584     4.248    58    4    6     0.06897    0    162      5    162      8    model.pdb:A  SCOP d1bgfa_
   89     0.03857          -0       1.414     2.788    19    4    3      0.1579    0    162      5     31      6    model.pdb:A  SCOP d1oy9a7
   90     0.02831          -0       1.578     2.290    15    3    2     0.06667    0    162      5     31      6    model.pdb:A  SCOP d1oy6a7
   91     0.02687          -0       1.837     2.450    15    3    2     0.06667    0    162      5     31      6    model.pdb:A  SCOP d1iwga7
   92     0.01983          -0       2.499     0.196    10    3    0         0.1    0    162      5     31      6    model.pdb:A  SCOP d1oy8a7
   93    0.003182          -0      0.3621     0.107     4    3    0           0    0    162      5     31      6    model.pdb:A  SCOP d1oyda7
   94    0.003182          -0      0.3621     0.107     4    3    0           0    0    162      5     31      6    model.pdb:A  SCOP d1oyea7
   95     0.02989   4.674e-12      0.4602     4.945    54    3    5     0.09259    0    162      5    162      6    model.pdb:A  SCOP d1gqaa_
   96    0.008504   7.285e-11       0.523     4.516    27    3    2      0.1481    0    162      5    162      5    model.pdb:A  SCOP d1jafa_
   97    0.003062          -0   0.0004139    10.281    32    3    2      0.0625    0    162      5    162      5    model.pdb:A  SCOP d1cgna_
   98     0.02944          -0       0.123     4.981    49    3    2     0.04082    0    162      5    134      6    model.pdb:A  SCOP d2a9ua1
   99     0.02778   5.773e-08      0.2799     6.085    47    3    2     0.06383    0    162      5     96      4    model.pdb:A  SCOP d2nzda1
  100     0.02484   1.639e-15     0.06118     7.304    52    3    4     0.05769    0    162      5     97      4    model.pdb:A  SCOP d2cv5a1
  101     0.02206   8.103e-09      0.2329     6.305    56    3    4     0.07143    0    162      5    162      4    model.pdb:A  SCOP d1aoia_
  102       0.021   2.422e-12      0.1115     4.116    31    3    5     0.03226    0    162      5     98      4    model.pdb:A  SCOP d2fj7a1
  103     0.01715   5.786e-16     0.05617     7.174    55    3    6     0.05455    0    162      5    162      4    model.pdb:A  SCOP d1kx3a_
  104     0.01715   5.786e-16     0.05617     7.174    55    3    6     0.05455    0    162      5    162      4    model.pdb:A  SCOP d1kx5a_
  105     0.01498   2.118e-10      0.1661     3.606    31    3    5     0.03226    0    162      5    162      4    model.pdb:A  SCOP d1kx4a_
  106     0.01498   2.118e-10      0.1661     3.606    31    3    5     0.03226    0    162      5    162      4    model.pdb:A  SCOP d1id3a_
  107     0.02291          -0     0.03501     5.472    51    3    3      0.1176    0    162      5    162      5    model.pdb:A  SCOP d1a7ma_
  108    0.006726          -0      0.1078     4.513    24    3    4           0    0    162      5    162      6    model.pdb:A  SCOP d1cd9a_
  109     0.02131   1.817e-11      0.2443     4.486    36    3    3     0.05556    0    162      5    116      4    model.pdb:A  SCOP d1xl4a2
  110     0.01898   6.659e-14      0.1661     3.905    31    3    2     0.09677    0    162      5    116      4    model.pdb:A  SCOP d1xl6a2
  111     0.02071          -0      0.9165     0.195     8    3    1           0    0    162      5     19      6    model.pdb:A  SCOP d2eufa2
  112     0.01165          -0      0.9108     0.190     6    3    1           0    0    162      5     19      6    model.pdb:A  SCOP d1jowa2
  113     0.01165          -0      0.9108     0.190     6    3    1           0    0    162      5     19      5    model.pdb:A  SCOP d1xo2a2
  114     0.01784          -0      0.1351     4.827    41    3    4     0.04878    0    162      5    162      5    model.pdb:A  SCOP d1q0ga_
  115     0.01784          -0      0.1351     4.827    41    3    4     0.04878    0    162      5    162      5    model.pdb:A  SCOP d1q0fa_
  116     0.01784          -0      0.1351     4.827    41    3    4     0.04878    0    162      5    162      5    model.pdb:A  SCOP d1q0ka_
  117     0.01784          -0      0.1351     4.827    41    3    4     0.04878    0    162      5    162      5    model.pdb:A  SCOP d1q0da_
  118    0.004038          -0     0.05141     5.334    21    3    2     0.09524    0    162      5    162      5    model.pdb:A  SCOP d1q0ma_
  119     0.01749          -0      0.1479     4.731    40    3    4         0.1    0    162      5    162      6    model.pdb:A  SCOP d1jbga_
  120     0.01386          -0     0.01639     7.100    49    3    5      0.1429    0    162      5    162      5    model.pdb:A  SCOP d1r8da_
  121     0.01256          -0     0.07205     5.888    40    3    3       0.075    0    162      5    162      6    model.pdb:A  SCOP d1q07a_
  122     0.01256          -0     0.07205     5.888    40    3    3       0.075    0    162      5    162      6    model.pdb:A  SCOP d1q06a_
  123     0.01256          -0     0.07205     5.888    40    3    3       0.075    0    162      5    162      6    model.pdb:A  SCOP d1q05a_
  124     0.01499          -0      0.1614     6.778    49    3    4      0.1429    0    162      5    162      6    model.pdb:A  SCOP d1hiwa_
  125     0.01332   1.446e-16     0.04478     5.124    37    3    2      0.1622    0    162      5    162      5    model.pdb:A  SCOP d1y6da_
  126     0.01097          -0     0.03684     7.180    44    3    5     0.09091    0    162      5    162      4    model.pdb:A  SCOP d1r5ea_
  127    0.009482          -0   0.0009098     6.040    28    3    3     0.07143    0    162      5    101      4    model.pdb:A  SCOP d1v9va1
  128    0.008907          -0     0.01153     4.835    29    3    5     0.06897    0    162      5    162      4    model.pdb:A  SCOP d1sfka_
  129    0.008466          -0    0.002527     5.471    31    3    2     0.06452    0    162      5    162      5    model.pdb:A  SCOP d1ls4a_
  130    0.007021          -0     0.01431     5.664    29    3    3           0    0    162      5    162      6    model.pdb:A  SCOP d1eq1a_
  131    0.007441          -0   0.0001011     6.180    32    3    3      0.1562    0    162      5    162      3    model.pdb:A  SCOP d1g73a_
  132    0.005522          -0   4.768e-05     2.991    17    3    2           0    0    162      5    162      3    model.pdb:A  SCOP d1fewa_
  133    0.005154          -0   0.0005131     5.463    20    3    3        0.05    0    162      5    111      6    model.pdb:A  SCOP d1xoxa1
  134    0.005025          -0    0.007101     4.633    19    3    3           0    0    162      5    131      6    model.pdb:A  SCOP d1wn0a1
  135    0.005019          -0      0.1479     6.099    26    3    2      0.4231    0    162      5    162      5    model.pdb:A  SCOP d1qlsa_
  136    0.003358          -0  1.798e+308     2.389    12    3    3           0    0    162      5    162      4    model.pdb:A  SCOP d1ow6a_
  137    0.003111          -0  1.798e+308     2.083    11    3    2           0    0    162      5    162      4    model.pdb:A  SCOP d1oxza_
  138    0.002656          -0     0.03873     5.321    17    3    2      0.1176    0    162      5    162      4    model.pdb:A  SCOP d1ezja_
  139    0.001526          -0   1.907e-06     7.989    18    3    2      0.1111    0    162      5    162      4    model.pdb:A  SCOP d1wata_
